396999
349999
324999
314999
299999
299999
295999
294999
294999
294999
292499
285999
279999
274999
274999
270999
269999
264999
261999
259999
259999
254999
251999
249999
248999
244999
243999
234999
234999
234999
233999
231999
229999
229999
220499
219999
216999
215999
214999
214999
214799
209999
209999
209999
209999
209999
208999
202499
199999
199999
199999
197999
196999
189999
189999
189999
189999
186999
184999
184999
183999
179999
176999
175499
174999
174999
172299
171999
170999
169999
169999
169999
169999
169999
169999
167999
164999
161099
159999
159999
159999
159999
159999
159999
158999
158299
157499
157099
156999
156999
156599
154999
154999
153999
152999
152999
152499
151999
150499
149999
149999
149999
149999
149999
149999
148499
148499
146299
145999
144999
144999
144999
144999
144999
143999
143999
143999
143799
142999
140999
139999
139999
139999
139999
139999
139999
139999
139499
137999
137999
136999
134999
134999
134999
134999
134999
133399
133199
132999
132999
132999
130499
129999
129999
129999
129999
129999
129999
129999
129999
129999
129999
129999
129999
128799
128199
127999
127499
126999
125999
125999
125999
125199
124999
124999
124999
124999
124999
124499
122999
122999
122499
121999
121499
121299
119999
119999
119999
119999
119999
119999
119999
119999
119999
119999
119999
119999
119599
118999
118999
118999
118699
117999
117799
117499
117299
116499
116299
115999
115999
115999
115499
114999
114999
114999
114999
114999
114999
114999
114999
114999
114999
114999
114999
114999
113499
112999
112999
112999
112999
112499
111999
111999
111999
111999
110999
110999
110999
110399
110399
110399
110199
109999
109999
109999
109999
109999
109999
109999
109999
109999
109999
109999
109999
109999
109799
109699
108999
108999
108899
108849
108299
107999
107999
107999
107999
106399
105999
105799
105799
105799
105799
104999
104999
104999
104999
104999
104999
104999
104999
104999
104499
103999
103999
103999
103999
103699
102999
102999
102799
102699
102299
102299
102199
102099
100999
100799
99999
99999
99999
99999
99999
99999
99999
99999
99999
99999
99999
99999
99999
99999
99999
99999
99999
99999
99399
98999
98999
98999
98999
98999
98399
98399
97999
97999
97999
97999
97699
97599
97299
96999
96899
96599
96599
95999
95999
95999
95899
95499
95399
94999
94999
94999
94999
94999
94999
94999
94999
94999
94999
94899
93999
93999
93999
93999
93899
93699
93549
93499
93499
92999
92999
92999
92999
92999
92999
92999
92999
92999
92999
92999
92999
92899
92899
92899
91999
91999
91999
91999
91999
91999
91999
91999
91999
91799
91499
91499
91499
91499
91299
90999
90299
90299
89999
89999
89999
89999
89999
89999
89999
89999
89999
89999
89999
89999
89999
89999
89999
89999
89799
89199
89099
88999
88799
88299
87999
87999
87999
87999
87999
87999
86999
86999
86999
86999
86999
86799
86699
86699
86599
86199
85999
85999
85999
85599
85599
85499
85499
85499
85499
84999
84999
84999
84999
84999
84999
84999
84999
84999
84999
84999
84999
84999
84999
84999
84999
84599
84399
83799
83699
83299
83099
82999
82999
82999
82999
82999
82999
82999
82799
82799
82799
82799
82799
82799
82599
82199
81999
81999
81999
81999
81999
81999
81999
81899
81799
80999
80999
80999
80999
80999
80999
80999
80599
80199
80199
79999
79999
79999
79999
79999
79999
79999
79999
79999
79999
79999
79999
79999
79999
79999
79999
79999
79999
79999
79899
79499
79099
78999
78999
78899
78699
78699
78499
78299
78299
78199
78199
78199
77999
77999
77999
77799
76999
76999
76999
76999
76999
76499
76399
75999
75999
75999
75999
75999
75799
75499
75299
75299
74999
74999
74999
74999
74999
74999
74999
74999
74499
74249
74099
73999
73599
73499
73249
73099
72999
72999
72999
72999
72899
72799
72699
72249
72199
72199
71999
71999
71999
71999
71899
71799
71799
71499
71199
70999
70099
69999
69999
69999
69999
69999
69999
69999
69999
69999
69999
69999
69999
69999
69999
69999
69999
69999
69899
69299
69199
68999
68999
68999
68999
68899
68899
68399
68399
68099
67999
67999
67999
67999
67999
67999
67999
67799
67599
67499
66999
66999
66999
66999
66799
66499
66399
65999
65999
65999
65799
65599
65499
65499
65399
65399
65299
64999
64999
64999
64999
64999
64999
64999
64999
64999
64899
64399
64399
64399
64399
64349
63999
63999
63999
63799
63699
63599
63499
63399
62999
62999
62999
62999
62999
62999
62999
61999
61999
61999
61999
61999
61899
61499
61349
61199
61099
60999
60999
60999
60999
60999
60999
60899
60799
60799
60599
60499
60299
60099
59999
59999
59999
59999
59999
59999
59999
59999
59999
59999
59999
59999
59999
59999
59999
59999
59999
59799
59799
59799
59499
59499
58999
58999
58899
58499
58299
58199
57999
57999
57999
57999
57999
57999
57999
56999
56999
56999
56999
56999
56999
56999
56999
56699
56099
56099
55999
55999
55999
55899
55799
55299
55199
55199
55199
55199
54999
54999
54999
54999
54999
54999
54999
54999
54999
54999
54999
54999
54999
54999
54499
54299
53999
53999
53999
53999
53349
53349
53099
52999
52999
52999
52999
52999
52999
52999
52999
52449
52449
52099
51999
51999
51999
51999
51999
51999
51499
51199
50999
50999
50999
50699
50599
50599
50399
50099
49999
49999
49999
49999
49999
49999
49999
49999
49999
49999
49699
49499
49399
48999
48999
48999
48999
48599
48549
48299
47999
47999
47999
47999
47999
47999
47999
47999
47999
47999
47999
47999
47999
47999
47699
47699
47499
47499
46999
46999
46999
46999
46999
46999
46999
46999
46999
46999
46899
46599
45999
45999
45999
45999
45999
45999
45899
45599
45599
44999
44999
44999
44999
44999
44999
44999
44999
44999
44999
44999
44999
44999
44699
44449
44399
44249
44099
44099
43999
43999
43999
43999
43549
43249
43199
43199
42999
42999
42999
42999
42999
42999
42999
42599
42299
41999
41999
41999
41499
41399
41199
40999
40999
40999
40999
40899
40549
40499
39999
39999
39999
39999
39999
39999
39999
39999
39999
39999
39999
39999
39999
39999
39999
39999
39999
39999
39999
39999
39999
39999
39599
39599
39599
39549
39549
39299
38999
38999
38999
38999
38999
38799
38649
38499
37999
37999
37999
37999
37999
37999
37999
37999
37999
37999
37999
37999
37999
37999
37899
37799
37599
37299
36999
36999
36999
36999
36899
36899
36799
36599
36599
35999
35999
35999
35999
35999
35999
35999
35999
35999
35999
35999
35999
35699
35599
34999
34999
34999
34999
34999
34999
34999
34999
34999
34049
33999
33999
33999
33999
33499
32999
32999
32999
32999
32999
32999
32999
32999
32999
32999
32999
32999
32999
32799
32649
32199
32199
32199
32199
32199
32199
32199
32199
32199
31999
31999
31999
31999
31999
31999
31999
31999
31999
31999
31999
31999
31999
31399
31399
31299
31299
31299
31199
31099
31099
30999
30999
30999
30799
30599
30499
30349
30349
30099
29999
29999
29999
29999
29999
29999
29999
29999
29999
29999
29999
29999
29999
29999
29999
29999
29999
29999
29999
29999
29699
29549
29449
29199
28999
28999
28999
28999
28999
28999
28599
28499
28199
27999
27999
27999
27999
27999
27999
27999
27999
27599
27499
27199
27199
26999
26999
26999
26999
26999
26999
26999
26999
26999
26699
26399
25999
25999
25899
24999
24999
24999
24999
24999
24999
23999
23999
23999
23999
23999
23599
23499
23499
22299
22149
22099
21999
21999
21999
21999
21999
21999
21999
21999
21599
21499
20399
19999
19999
19999
19799
19799
16999
16999
16499
16499
16099
11499